627
39
60
73
142
178
76 95
225
229
232
203
160 163
168 973
171 198
255
233
234 238
261
267
278
299
279
284
465 492
952 478
358
311
328
579 517
396
362
369
590 943
406
400
421
430
442
460
483
769 758
526
597
920 818
834 866
669
687
596
604
605
815
965 967
786
2 55
46 71
754
116 143
821
857 218
879 223
805 271
719
852
763 359
865
922
863
886
464 737
978
906
935
7
24
100
29
62
140
63
816 789
882 871
918 911
695 919
212
177
193
0 57
213
222
240
689 82
274
309
283
664 158
439
319
446
440
224 248
473
257 269
536
514
560
565
591
681 484
682
498 510
624 535
608 607
622 630
640
593
656
693
724
727
776
787
609 676
698 573
804
827
731 566
773 534
811
839
824 806
851
849
850
908
875
925
931
933
975
997
1
45
75
185 237
77
121
136
528 295
209
474 395
547 399
417 459
239
174
476 437
184
434 542
186
298
303
312
618 634
635 659
315
332
342
346
377
762 405
788 782
356
884 901
425
412
378
380
941 382
968 946
491
453
486
489
519
520
540
611
574
652
658
667
672
680
690
426 322
692
702
713
742
790
733
778
785
791
819
523 373
807
568 564
809
587 365
355 598
826
336 603
696 749
822
350 750
290 783
823
842
869
874
917
893
895
983
8 20
112
74
91 51
88 273
164
108 118
114 252
110
107
242 183
132
176
170
205
289 244
235
230
344 372
293
258
316
334
227 470
199 471
173 511
521 151
553 543
581 615
146 619
124 661
721 165
744 795
796 814
325
861 837
6 847
18 894
984 995
323
326
340
351
357
354
374
155 150
397
195 243
441
256 401
379
431
556
438 415
461 447
515
531
538
647
953 522
620 524
617 947
592
575
686 735
621
678
655
730
741
764
738
747
873 937
885 903
929 915
772
891 982
862 991
843
767
829
72 99
938
138 133
848
853 231
854
914
955
966
976
376 327
368 383
14
424 410
872 422
452 444
835 454
16
17
33
42
43
135
141
192
194
770 726
800 765
808 833
832 841
268
210
912 825
956 932
977 801
276
220
32 30
40 93
80 129
794 115
333
282
308
317
760 157
420
697 188
448
477
297 705
321 675
569
493
505
602
506
626
639
642
525 518
562 653
571 572
691
646
649
734
694
722
748
766
784
780
859
971
948
959
989
56
22
83
122
28
109
125
127
78
196
113
179
154
217
197
219
260
241
286
416
294
314
472
550
497
488
567
546
557
588
645
638
725
732
728
723
745
771
761
802
962
969
13
779
19
836
50
890
149
38
145
87
211
181
187
201
216
247
254
277
301
320
275
329
300
287
367
381
387
480
404
468
508
555
561
559
576
623
706
606
746
654
739
867
799
877
913
775
889
924
939
954
942
950
994
964
5
34
4
11
23
81
90
92
89
103
148
281
228
166
296
139
302
348
313
364
349
360
411
423
433
370
429
450
451
467
457
504
479
485
509
539
541
551
644
616
648
629
729
679
677
756
704
777
757
755
768
792
803
855
830
864
880
887
899
923
972
963
35
70
98
106
9
167
208
21
48
202
265
292
305
389
456
462
463
499
532
507
500
530
549
594
613
688
627
614
641
860
712
736
896
900
905
951
936
907
926
986
992
3
25
111
41
120
159
272
189
245
251
347
352
361
391
393
435
436
502
516
533
554
650
570
584
610
663
671
707
708
718
743
812
820
831
844
878
845
870
970
888
921
987
944
998
